
0   1   2   3   4   5   6   7   8   9   10
3   3   1   0   0   0   1   0   0   0   1
        1   4   7   2   5   8   3   6   9
0   1   2   5   8   3   6   9   4   7   10



1   0   0       1   0   0
0   1   0       0   1   0
0   0   1       0   0   1


2   2   2
3   5   2
4   8   2

2   3   3
3   6   3
4   9   3

2   4   4
3   7   4
4   10  4

5   2   5
6   5   5
7   8   5

5   3   6
6   6   6
7   9   6

5   4   7
6   7   7
7   10  7

8   2   8
9   5   8
10  8   8

8   3   9
9   6   9
10  9   9

8   4   10
9   7   10
10  10  10


Row Wise:
    (i % COLS) + (i / (COLS * ROWS)) * COLS + INITIAL

Col Wise:
    (i * ROWS % SIZE) + ( ( i / COLS ) % ROWS ) + INITIAL